[1588591016phpzKnsK5.jpeg]
moddate=f2924d032a3bd701
width=1322
height=793
text=4;131;10;ICAR-NRCO ;Arial;0.233486,0.087979,0.090198,6.283185;v1,4278190080,4278190080,128.000000,1.000000,0.500000,1.000000,400,2,49152;;137;16; Remains Closed ;Arial;0.203127,0.160543,0.158404,6.283185;v1,4291244587,4291777837,128.000000,1.000000,0.074766,1.000000,700,0,49152;;200;79;for the visitors due to the &#010;rampant spread of &#010;COVID-19, till further&#010;orders&#013;&#010;;Arial;0.239753,0.377818,0.100154,6.283185;v1,4278190080,4291777837,128.000000,1.000000,0.000000,1.000000,700,0,49152;;137;16;AKMU / ARIS CELL;Arial;0.832500,0.924617,0.026789,6.283185;v1,4278190080,4291777837,128.000000,1.000000,0.000000,1.000000,400,0,49152;;
textactive=1
[1636811_1000x0.jpg]
moddate=9d0d280c423bd701
width=1000
height=476
text=1;155;34;NEW WEBSITE IS&#010;UNDER CONSTRUCTION ;Arial;0.068746,0.342761,0.100317,6.283185;v1,4278190080,4291777837,128.000000,1.000000,0.000000,1.000000,700,0,49152;;
textactive=1
